106.400 30.417 66.027 94.463 138.483 107.177 77.882 129.625 82.401 34.113 66.972 69.726 92.205 125.897 77.292 86.385 132.554 62.675 98.698 60.632 68.282 62.585 44.198 82.259 82.652
125.546 1.719 6.310 63.370 383.601 108.658 105.410 295.212 23.257 0.229 18.235 11.765 61.084 207.831 23.256 105.490 304.290 19.699 86.699 5.615 19.638 17.205 6.654 36.641 42.585
4.252 0.000 0.000 0.248 1231.712 2.046 110.143 312.847 0.000 0.000 0.000 0.000 0.108 46.727 0.001 1.553 370.007 0.000 0.348 0.000 0.000 0.000 0.000 0.005 0.005
0.000 0.000 0.000 0.000 1927.456 0.000 106.142 6.142 0.000 0.000 0.000 0.000 0.000 5.006 0.000 0.000 35.254 0.000 0.000 0.000 0.000 0.000 0.000 0.000 0.000
0.000 0.000 0.000 0.000 1976.618 0.000 98.380 0.000 0.000 0.000 0.000 0.000 0.000 5.000 0.000 0.000 0.003 0.000 0.000 0.000 0.000 0.000 0.000 0.000 0.000
0.000 0.000 0.000 0.000 1983.723 0.000 91.281 0.000 0.000 0.000 0.000 0.000 0.000 4.996 0.000 0.000 0.000 0.000 0.000 0.000 0.000 0.000 0.000 0.000 0.000
0.000 0.000 0.000 0.000 1986.443 0.000 88.565 0.000 0.000 0.000 0.000 0.000 0.000 4.992 0.000 0.000 0.000 0.000 0.000 0.000 0.000 0.000 0.000 0.000 0.000
0.000 0.000 0.000 0.000 1986.933 0.000 88.102 0.000 0.000 0.000 0.000 0.000 0.000 4.965 0.000 0.000 0.000 0.000 0.000 0.000 0.000 0.000 0.000 0.000 0.000
0.000 0.000 0.000 0.000 1987.081 0.000 88.800 0.000 0.000 0.000 0.000 0.000 0.000 4.120 0.000 0.000 0.000 0.000 0.000 0.000 0.000 0.000 0.000 0.000 0.000
0.000 0.000 0.000 0.000 1987.375 0.000 92.621 0.000 0.000 0.000 0.000 0.000 0.000 0.004 0.000 0.000 0.000 0.000 0.000 0.000 0.000 0.000 0.000 0.000 0.000
0.000 0.000 0.000 0.000 1987.164 0.000 92.836 0.000 0.000 0.000 0.000 0.000 0.000 0.000 0.000 0.000 0.000 0.000 0.000 0.000 0.000 0.000 0.000 0.000 0.000
0.000 0.000 0.000 0.000 1987.123 0.000 92.877 0.000 0.000 0.000 0.000 0.000 0.000 0.000 0.000 0.000 0.000 0.000 0.000 0.000 0.000 0.000 0.000 0.000 0.000
0.000 0.000 0.000 0.000 1987.115 0.000 92.885 0.000 0.000 0.000 0.000 0.000 0.000 0.000 0.000 0.000 0.000 0.000 0.000 0.000 0.000 0.000 0.000 0.000 0.000
